AirCoditionar_Cube.037 1.1186463832855225 1.373194932937622 -1.8495700359344482
AirCoditionar.001_Cube.039 20.513591766357422 -15.844988822937012 -2.7316253185272217
Cube.001 30.382814407348633 -27.93936538696289 -28.314157485961914
Cube.002_Cube.003 -13.14769172668457 -24.73063087463379 -28.9244327545166
Cube.003_Cube.006 -21.300874710083008 -0.8898411989212036 -31.419309616088867
Cube.004_Cube.008 -2.7357945442199707 29.490949630737305 -28.357473373413086
Cube.005_Cube.009 18.647686004638672 -14.487131118774414 -27.628047943115234
Cube.006_Cube.017 51.71848678588867 -14.487131118774414 -27.97964859008789
Cube.007_Cube.002 -0.5563719868659973 0.0 -26.81201171875
Cube.008_Cube.018 22.940032958984375 -23.533309936523438 -27.236328125
Cube.009_Cube.019 -30.245624542236328 22.147005081176758 -27.628047943115234
Cube.010_Cube.020 -49.905609130859375 2.264565944671631 -48.973960876464844
Cube.011_Cube.021 -38.55215072631836 -22.730012893676758 -27.607276916503906
Cube.012_Cube.022 11.000263214111328 43.58378982543945 -28.357473373413086
Cube.013_Cube.023 -22.246219635009766 39.76298522949219 -32.232627868652344
Cube.014_Cube.024 -50.04695510864258 43.55384826660156 -27.628047943115234
Cube.015_Cube.025 -70.77728271484375 -17.001596450805664 -28.02140998840332
Cube.016_Cube.026 -31.580318450927734 -39.025081634521484 -29.835542678833008
Cube.017_Cube.027 -4.005746841430664 -58.626670837402344 -27.607276916503906
Cube.018_Cube.028 15.439423561096191 -43.70073318481445 -27.236328125
Cube.019_Cube.029 43.97911834716797 8.168447494506836 -27.628047943115234
Cube.020_Cube.030 31.092498779296875 36.19517517089844 -27.605161666870117
Cube.021_Cube.031 -5.5900421142578125 56.07111740112305 -28.357473373413086
Cube.022_Cube.032 -63.426231384277344 26.42837142944336 -27.628047943115234
Cube.023_Cube.033 -91.82734680175781 16.17901611328125 -28.02140998840332
Cube.024_Cube.034 -99.14134979248047 -5.406221389770508 -34.63457107543945
Cube.025_Cube.035 -73.69505310058594 -48.953399658203125 -27.607276916503906
Cube.026_Cube.036 -33.81343078613281 61.5712776184082 -27.628047943115234
Cube.027_Cube.038 -0.5563719868659973 0.0 -2.4352877140045166
Cube.028_Cube.040 18.635408401489258 -14.494457244873047 -3.2118418216705322
Floor 0.0 -6.006861686706543 -31.107892990112305
Point -7.4188947677612305 5.3224992752075195 6.344518661499023
Point.001 -20.46187400817871 0.0 1.2837605476379395
Skybox 0.0 0.0 0.0
